813286
939091
980611
1106501
1947301
3497941
3819931
4559531
5568292
5990782
6092972
7004382
7040852
7334402
7356562
7392352
7402662
7429102
7782542
7860992
8128442
8215672
8223542
8370082
8431652
8560752
9252212
9345162
9532402
9715012
9855382
10117892
10326832
10688432
11347122
11856892
11866582
12458472
13491312
13493302
14027452
14056708
14068794
14080020
14099719
14125897
14135426
14140370
14173084
14173840
14185317
14199521
14200743
14266637
14327933
14354562
14377605
14384907
14402269
14426645
14434063
14466538
14513611
14541184
14676022
14717197
14746298
14747825
14757714
14770470
14792049
14828342
14868145
14957147
14984637
14993272
15007149
15022633
15093646
15136081
15138349
15170457
15183303
15220768
15265641
15281574
15324851
15361570
15368940
15441965
15442036
15446531
15446551
15447566
15458694
15463671
15472068
15473574
15526563
15572155
15635264
15640005
15662282
15667802
15675351
15750214
15764644
15808765
15824288
15861717
15900384
15918708
15939889
15943733
15949696
15954997
15963598
15963827
15985111
16002804
16035413
16041234
16069382
16076032
16082126
16082787
16122121
16129920
16132719
16140335
16160352
16189107
16189392
16209626
16250929
16256826
16317406
16356190
16434558
16456398
16473577
16535694
16583468
16674443
16700601
16735892
16742806
16789970
16795212
16946047
17070113
17131934
17220934
17376893
17494010
17882799
18023868
18137749
18170523
18188773
18220818
18223040
18236427
18320874
18512892
18575868
18587457
18695134
18695206
18696134
18829123
18851248
18907463
18909919
18916061
18979288
19152385
19308529
19318314
19359576
19417197
19418459
19462341
19471123
19497653
19512725
19677343
19677673
19682187
19716781
19824430
19863977
19865528
19891675
19891734
19916171
19918558
19973305
20002401
20078009
20100423
20113797
20144167
20163714
20421430
20440427
20462779
20480549
20482244
20508720
20540938
20545793
20552026
20567184
20597460
20695280
20747881
20818801
20829672
20961223
21096678
21110718
21156659
21217646
21221064
21230289
21244284
21268897
21312077
21406834
21423482
21684013
21690931
21691269
21717987
21789463
21819114
21827185
21836393
21844854
21862217
21879831
21929250
21940835
21954033
21954970
21964694
22012091
22053641
22066415
22104055
22162854
22192142
22250215
22255728
22270213
22322730
22523087
22530967
22563612
22650582
22669526
22795703
22812434
22812754
22858466
22873947
22975495
23022472
23024099
23128348
23168642
23255247
23375172
23450558
23480020
23593446
23600262
23604951
23605505
23628021
23666260
23745304
23761008
23888634
23983382
24195214
24219128
24232525
24405200
24431892
24733117
24745957
24913074
25017309
25143735
25704351
25781141
25913058
26087378
26097041
26657119
26775504
26788521
26840840
26886221
27078238
27170544
27649741
28357652
28448216
28479007
28582749
28599820
28602948
28682751
28819823
29201047
29293808
29363230
29442313
29450962
29501253
29761740
29843331
29849953
30150211
30216513
30244377
30313925
30354991
30479757
30798546
30912937
30929600
31121154
31122582
31128529
31177357
31193056
31291086
31428685
31611298
31801993
32304094
32453116
32564993
32646461
32708979
33276161
33537967
33563161
33576489
33580347
33986037
34010240
34012907
34265518
34401125
34638973
34643610
34745464
34904339
34951141
34972633
35260027
35567751
36151878
36535215
36575786
36686040
36948268
37048835
37343126
37656339
37666933
37820650
38254095
38370559
38429270
38477209
38712914
39187465
39249305
39348261
39556282
39556712
40037388
40080478
40277246
40879267
41017380
41186732
41362731
41526174
41608251
41668297
41859853
42245932
42389136
42427481
42579675
43797909
43910797
43963249
44177383
44254802
44431715
44498699
44725196
45142252
45190267
45413198
45645232
45895089
46016028
46455548
46764631
47412499
47423703
47801895
48038030
48086014
48477900
48706233
48724141
48802204
49021031
49615301
49693594
49899518
50064327
50371921
