50452197
50482949
50660710
51755154
52180914
52397612
53019309
53130511
53192639
53585663
53715420
53941120
54299209
54422326
54635428
55049166
55133916
55321681
55355654
56279156
56864092
56999787
57065141
57405911
57917441
58500736
58520492
58896642
58928690
59031230
59159771
59771400
59869729
59884592
60718655
60760660
60767749
60828944
60919240
61206798
61430988
61980752
62909691
62937003
63168512
63169388
63225796
63262233
63812950
64285525
64507817
64948533
65293006
65404941
65617291
65686302
65698096
65968759
66148771
66507980
67711100
68219213
69193833
69218324
70188601
70526457
70667943
71360328
71563277
71715641
72198806
72717049
72798486
72883916
73238146
73252274
73453284
74035510
74171837
74243993
74294786
74568060
74634858
74924009
75052666
75124560
75223552
76027332
76059158
76354665
76376525
76456274
76691987
76692861
76723247
76771090
76996785
77062281
77062830
77231473
78139444
78419512
78445977
78449750
78495596
78599720
78671324
79361302
79694990
79741827
79802712
80021045
80111837
80245582
80359832
80612021
81201453
82453460
82649553
83774916
83901492
84119348
84129740
84183248
84353216
84388888
85322445
85334765
85396297
87017281
87510313
87714473
87768088
88012558
88019711
88272723
88575194
88722311
88806753
88808843
89028052
89348028
89743502
89799361
89992368
90365212
90423929
90642314
90694084
91180720
91767203
92102359
92186819
92354626
92394644
92401807
92858689
93440753
93761782
94472431
94987496
95210491
95405735
95493980
95546148
95904346
95981083
96785342
96949480
97010661
97133784
98239306
99080609
99657402
99702218
100987374
101566877
101752161
101832361
101833775
102021797
102477372
102803873
103073080
103803159
103842727
103922067
104158703
105325168
105659489
106115066
106274105
106630088
107039196
107106071
107156426
107545479
107580392
108376246
108550427
108600854
108617810
109025212
109071031
109197834
109287731
110899711
111053300
111141045
111379452
111538391
111546828
111635527
111635980
112217391
112740986
113355380
113420831
113494390
114547989
115111016
115629134
115733549
115979444
116426900
117501995
117839957
118718294
119250381
119749813
120877403
122124607
122343424
122425966
124234862
124540457
124898913
125445568
128290790
128664931
128767133
128874159
130617778
131144091
131497030
132083756
132170123
132201224
132278386
132788644
133327869
133570135
133832049
134604426
135297032
136042190
137794015
137823987
137884361
138770045
140322700
140519774
141405856
142419647
145529411
145677326
148453195
149982376
150078976
150724371
151963505
153486399
153865861
153919023
153944899
154139987
155033274
155724750
156333623
156900124
158398519
158426909
158470209
158520264
160175660
161411080
161791703
162069635
162283218
163570705
164007407
165965697
168502762
168524035
168673083
169175539
171598736
172858784
172867574
175809915
176512266
177671302
180013616
181846527
182503471
184444667
184998424
185512182
188014427
188019606
189986982
190298721
192028387
193732179
193872188
196717787
197252276
197594920
198980151
199325935
202205134
207663419
208692908
210926192
215527641
215632349
215654103
216481299
216503958
217286126
217547360
220712406
221657242
221792092
224071381
224285242
225313528
227088228
227341953
228554424
230452268
231854033
232268199
232851192
232992031
234002627
234014087
234243065
234374703
235373000
236511574
237770636
238862918
239905257
239949176
240812994
242426145
242555999
242836537
242892689
242911974
244243985
244655353
244693950
245516606
246088673
246357149
247334603
247486443
247890865
248735463
249348006
249410485
249787913
250188760
252249233
254186356
254611745
254666884
258618079
258900199
260618992
260724365
260845829
260997460
261852987
263491817
263815367
265351319
267854863
268252645
271071195
272491182
273559002
277245777
278124059
278167345
279935870
280304237
284613426
288751432
292935209
292990703
293131808
300354212
308721230
312134473
312813731
313091751
313120369
317226055
320852605
325830217
328679423
338142148
339852137
340333435
343653872
344507828
347471374
352548417
355336126
356885109
357606935
369505837
381152398
393588826
409486555
413466731
429227921
476256944
603025587

