640893
694563
1050111
1626991
2704951
3135241
4107251
4923811
5357812
5484532
5496932
5511332
5558312
5561412
5693842
5758472
5815162
5840532
6393032
6577802
6620762
6742412
6782762
6996632
6999982
7039122
7074742
7270292
7386412
7548732
7702542
7713202
7768692
8512722
8542882
9376622
9508922
9843332
9915942
10102032
10102142
10168082
10207502
10292132
10615232
10840862
11134252
11650762
12726012
12765522
12788332
13218102
13673392
13984092
14091360
14093404
14101232
14178874
14275291
14335435
14344823
14352112
14365627
14389132
14410652
14415941
14544123
14642666
14669951
14720411
14728168
14729562
14730894
14736220
14738157
14745164
14828860
14839147
14844867
14845376
14872863
14875957
14904437
14922694
14923920
14930128
14933838
15064145
15116570
15160884
15181677
15182074
15207668
15227483
15232374
15274064
15281676
15314458
15335534
15356407
15378621
15383439
15393337
15394954
15406238
15416505
15428227
15432266
15433092
15439275
15444711
15481585
15485532
15503074
15505567
15552221
15560653
15581825
15600527
15661604
15703923
15724066
15727817
15731751
15738163
15745368
15749725
15751083
15756083
15773191
15773898
15774353
15808792
15856366
15876673
15905092
15911565
15935028
15937190
15951223
15966258
15976697
15985455
16031927
16032925
16038763
16039421
16042924
16044062
16045956
16051808
16056306
16088285
16102244
16119129
16180797
16232940
16256269
16348437
16366471
16389986
16399472
16424044
16425672
16446177
16479953
16492765
16568788
16608612
16672662
16685866
16692057
16698864
16703058
16721061
16721461
16725276
16728227
16787084
16814727
16819406
16827173
16873037
16887628
16989178
17009637
17025312
17078632
17144024
17145816
17168586
17192613
17208780
17215594
17234573
17235172
17235959
17387589
17454769
17513304
17544524
17546958
17556805
17602105
17611447
17622723
17681489
17752368
17770648
17777458
17778413
17800215
17813701
17819471
17824265
17841765
17844954
17896154
17900421
17908825
17971455
17976923
17993620
17997990
18001786
18004222
18019121
18020081
18030431
18056015
18058317
18060563
18061669
18063698
18067335
18102933
18110578
18122925
18138308
18144612
18146481
18155454
18166778
18168068
18170310
18182408
18216752
18217624
18224166
18226567
18229117
18241051
18277655
18280993
18281189
18294362
18294521
18317325
18319515
18323740
18329671
18378801
18391075
18444665
18461227
18497595
18529376
18566912
18592146
18632666
18632809
18646108
18685740
18686907
18760460
18770485
18784372
18791763
18805303
18810387
18811140
18822612
18854849
18868201
18891923
18905115
18906561
18915145
18915709
18916432
18917572
18924570
18943852
18967498
18978469
19023028
19026201
19028248
19039844
19069733
19083619
19084128
19121926
19139963
19147435
19160502
19245431
19254435
19259282
19268706
19269183
19286059
19291441
19302840
19319446
19349317
19365058
19394188
19405365
19407835
19408986
19417492
19432346
19466786
19490170
19539739
19553409
19578150
19602035
19609871
19612749
19616327
19624861
19658173
19701834
19726613
19739126
19786336
19828669
19850687
19877680
19881382
19912372
19912734
19924270
19926675
19929362
19945547
19983468
20001563
20007904
20015903
20020575
20046986
20053279
20060878
20088666
20091551
20092295
20097342
20115740
20174209
20192403
20194941
20209807
20215316
20252855
20328811
20412174
20444463
20444702
20467163
20543334
20546536
20602077
20621763
20692197
20712616
20713061
20733756
20733972
20776147
20786801
20796447
20850483
20879626
20951862
20958510
20963802
21022846
21040094
21044127
21048033
21111098
21157904
21167235
21215165
21269970
21301933
21325429
21329888
21340673
21343653
21346398
21348880
21349488
21378873
21401160
21439311
21509894
21521500
21539874
21542704
21572351
21660348
21674448
21678365
21707592
21738726
21789755
21795901
21810123
21878458
21888326
21925787
21971994
21986885
22029476
22037129
22044641
22055226
22089053
22122618
22136453
22165176
22203756
22233925
22251316
22286755
22299010
22300305
22366686
22383831
22456513
22508473
22509548
22513016
22527499
22528309
22540858
22545491
22591029
22643800
22703645
22784136
22802278
22831059
22935909
22942229
22946048
22956220
22983019
23007278
23022687
23082371
23103488
23120241
23121519
23124635
23125615
23134068
23165680
23176276
23195603
23327166
23340563
23382168
23394127
23429243
23460332
23478416
23551460
23655501
23712174
23745502
23775782
23789163
23795692
23839068
23849615
23865144
23951197
23970102
23970171
23976316
24125919
24183358
24190626
24220644
24278642
24302969
24305174
24317148
24369882
24374384
24400732
24431556
24434487
24510178
24539426
24546865
24613220
24618431
24631305
24645354
24654006
24735461
24748741
24773493
24852012
24905240
24988938
25086658
25095905
25217765
25298932
25391694
25446308
25545735
25645556
25685281
25692110
25754344
25769720
25772611
25800320
25802674
25975551
25983399
26007752
26029012
26050635
26051676
26062385
26089178
26103389
26122639
26131120
26136095
26179347
26256573
26263543
26287157
26287372
26324609
26351587
26420738
26424123
26533227
26536180
26598302
26778110
26799748
26809683
26813914
26820275
26885303
26907066
27044466
27052129
27104944
27142382
27170624
27254905
27274588
27307053
27311044
27382597
27426369
27502479
27676828
27677194
27744185
27775884
27783848
27897429
28162811
28176898
28226033
28227668
28265580
28337267
28407251
28410165
28418957
28423263
28426047
28428796
28429072
28587919
28611932
28614262
28617978
28726266
28811251
28885875
29063765
29115819
29216764
29222724
29240548
29350302
29430343
29562688
29701081
29766367
29898014
30063865
30253471
30505579
30681986
30738693
30865013
30875418
31057963
31175661
31191969
31194003
31330171
31402300
31402393
31524003
31966078
32010840
32331856
32497478
32499092
32506723
33587675
33655490
33750798
33800168
33811812
33972168
33977070
34058469
34082620
34170227
34206363
34340464
34434801
34523410
34537273
34768966
34769888
35218566
35474809
35574254
35664186
35784576
35829796
36101055
36285379
36318027
36396752
36452050
36588739
36654245
36686069
36741409
37007274
37094727
37134855
