37203216
37301997
37367503
37404802
37419748
37468273
37481291
37516417
37618833
37666984
37760670
37763479
37764422
37920978
38109656
38115896
38122727
38240009
38274353
38484359
38487892
38495835
38535931
38564839
38719294
38751255
38970940
38978018
39043207
39160084
39207632
39258707
39308549
39525554
39551130
39755667
39834947
39839889
39982256
40043724
40116885
40297420
40318829
40510796
40606819
40653668
40745568
40758481
40923070
40954486
41189107
41363507
41445718
41484136
41503346
41617448
41634520
41649191
41748800
41957116
42131648
42442615
42500602
42725380
42730142
42742144
42822541
42899290
42924141
43232530
43522652
43705097
43975485
44135635
44170811
44205610
44209472
44403079
44482542
44666733
44769565
44810138
44932605
44951059
45172872
45190383
45398966
45445757
45528439
45641358
45688610
45994332
46002396
46432734
46437223
47341545
47475431
47775464
47847315
47975734
48117116
48439306
48454046
48566603
48722401
48809111
48861157
48929483
49140008
49224286
49626985
49712802
49853083
49964679
50036176
50055701
50152441
50264631
50317463
50349525
50769180
50777555
50798417
50918998
51228911
51317032
51374505
51537566
51682281
51725378
51831703
51964801
52077282
52140667
52173791
52180223
52198005
52470438
52503751
52732971
52750457
52762044
52789108
52973112
53439641
53516739
53857251
53959527
54080270
54412900
55043152
55066811
55076952
55155523
55235265
55329156
55421408
55585233
55677432
55926025
55944740
56024295
56167383
56243376
56401109
56469022
56532503
56600262
56793551
56944812
57057290
57059274
57232504
57428429
57565224
57739438
57860431
57963724
58379000
58599646
58708159
58872505
58957736
59031664
59461030
59486472
59536644
59628005
59856467
59969802
60113766
60238678
60309571
60477859
60680268
60759206
60901164
60984835
61120062
61239011
61391072
61677582
62379598
62895009
62932775
63073834
63150856
63172705
63650107
63728054
63758143
63783555
63812348
64098343
64736825
65146567
65360070
65493023
65502117
65522706
65691824
65789049
66353369
66413600
66602794
66862379
66891808
67034360
67134039
67356654
67366961
67447390
68277792
68717038
68834620
69049771
69086398
69160674
69393419
69773058
69974778
70756980
70799725
71281860
71627462
71807953
71849541
73099646
73198063
73303753
73998977
74198348
74482441
74515918
74759245
74825169
75094137
75339427
75358892
75364211
75367781
76043920
76076931
76132891
76185102
76350004
76445672
76452765
76649729
76966145
77026134
77250424
77282328
77839894
78369108
78387677
78403308
78431501
79258361
79781052
79852044
80013902
80956768
81191343
82105389
82144210
82288285
83368304
83400593
83455758
83603750
83605129
83884063
84406725
84620376
84664241
84976228
86177206
87278897
88024943
88335997
88784440
89005882
89193992
90386169
90405702
90408018
90484508
90762674
90885849
91038197
91431989
91578313
92651222
92666862
93241358
93755660
93965901
94190640
94607882
95069840
95205720
95713333
96279878
96302446
96442308
97171189
97303169
97803194
97963837
99599627
99645483
100072667
100114214
100550240
101655098
101843722
102777642
103675142
103868633
103947976
104198706
104598468
104888693
105247544
106733567
106800773
106884218
107633302
107745212
108459359
108779641
108831720
108959334
109126346
109137600
109280446
109441206
109552764
109597366
110236585
110545675
110718976
110820401
110893482
110924703
111391499
111520488
112212585
112508171
112888734
112907328
113036476
113047940
113052345
113473917
113758100
113763245
114360959
114388293
114607567
114749081
114756202
114896223
115402745
115703194
115923972
115930756
115945502
116616867
116836560
117150125
117165632
117537998
117679975
117777832
118756393
118958259
119884464
120141729
120170090
121751302
121841306
122455671
122684463
123389809
123880887
124224165
124458035
125059102
125139645
125746882
125872768
126697180
127870230
128019419
128409197
128648847
129259144
129531185
129760550
130714799
130921057
131204770
131546062
133439172
134418819
135036971
135495218
135709610
136250134
136389258
136526394
137407124
141100757
141990034
142332083
142499778
143798379
144316163
145694165
146099856
146516713
148376661
149976996
150737366
151246219
151735638
152493341
154591966
154671263
155642785
157182106
159362503
161743731
164474004
165684245
167498913
169629177
173920517
176950935
177584156
179245596
182391961
185101659
185727395
186469920
188848758
189955534
190089336
190328374
190798793
190917812
191822092
193785644
193794406
194233791
194615561
194720228
196168350
196593632
198526130
201079432
202206694
205486862
209319823
209792690
211420609
211530910
211588974
211901075
212262370
212302405
213634439
213795255
213795411
215021528
216748816
216881337
217416964
217543151
217548189
218027755
218349372
218975278
219010139
219429281
221162525
221447516
221793778
222286905
224294785
224391627
225921757
225988631
229197216
229592356
229966028
230981077
231113257
233693291
233737858
233761277
233842454
233949261
234022257
234053893
234057152
234128524
234370900
234469322
234490845
234573331
234797704
234812598
234822928
234837632
234937222
235190657
235217558
235239775
235251868
235258843
235271965
235289157
235312723
235719973
236479311
236487888
236541422
236899846
236916916
236960387
236975376
237299871
237312687
237348797
237403203
237418907
237750442
237763317
237781383
237814920
237862972
237944147
238177562
238321369
239183936
239561508
239871673
239964567
240363117
240376522
240385577
240393970
240427862
240760644
241207373
241412016
242376736
242761889
242873057
242926427
243797058
244268646
245408102
246341769
246769138
247168494
248699486
248718904
248850174
249219716
249288197
249339682
250710495
252819323
252819642
254082173
254384712
254777469
256008469
256575957
257193354
258021307
258961053
262756641
263758909
263954983
264219447
266133081
271091161
277776288
278145569
278149972
281540744
286790129
287413569
292539565
293627808
294728278
294995656
295685416
296361085
298140714
299798118
299883942
300268560
300277273
300286091
300303510
300311638
300321927
300332615
300339489
300343190
300347187
300353978
300394401
300402904
300490468
300560155
300829491
300856990
300874752
300878467
300884653
300888452
300891619
300894549
300900044
304470519
305401656
306389855
309267226
313120760
314243234
314335929
315878798
320406917
324230103
325477860
333806846
334392985
339822881
342887079
344257167
360286555
373545909
380688474
385586397
388555493
393645945
560556359
733751245

